# Fire Load, Failure Probability
2.000000000000000000e+03 8.125000000000000000e-01
1.900000000000000000e+03 7.500000000000000000e-01
1.800000000000000000e+03 6.875000000000000000e-01
1.700000000000000000e+03 6.250000000000000000e-01
1.600000000000000000e+03 5.000000000000000000e-01
1.500000000000000000e+03 4.375000000000000000e-01
1.400000000000000000e+03 4.375000000000000000e-01
1.300000000000000000e+03 4.375000000000000000e-01
1.200000000000000000e+03 3.750000000000000000e-01
1.100000000000000000e+03 3.125000000000000000e-01
1.000000000000000000e+03 1.875000000000000000e-01
9.000000000000000000e+02 6.250000000000000000e-02
8.000000000000000000e+02 6.250000000000000000e-02
7.000000000000000000e+02 0.000000000000000000e+00
